2A0335+096           3.7435083     0.020543924       3.1474831       0.0000000
      0.22424088     -0.14860245       2.3916616      0.50111973
      4.26871           2           1
A1060                3.4529054    0.0046302940       4.8345772       1.7403399
      0.18000394    0.0019552070       1.3498279      0.26365295
      4.20240           2           0
A1068                6.3485172     0.021680593       1.9000000       0.0000000
       1.0913797     -0.15081595       5.0000000       10.000000
      8.10458           0           3
A133                 4.1930703     0.045882427       8.7047527       1.8806283
       1.0502671     0.015462730       5.0000000       10.000000
      2.92938           2           2
A1413                6.5460965     0.030553720       9.9927310       2.8947865
       1.7116609     0.065945525       5.0000000       10.000000
      6.39540           1           2
A1589                7.7721541     0.070263510     0.024408287       8.0000000
      0.24311708     -0.72576757       5.0000000       1.8664945
      17.9242           1           2
A1650                5.9797681     0.019869680       6.4586144       1.110e-16
       1.0674839   0.00069199643       5.0000000       10.000000
      11.3344           1           2
A1689                14.485088     0.038426279       1.9000000       0.0000000
     0.098160692    -0.013000447       5.0000000      0.30715720
      7.58838           0           2
A1775                4.4122878   0.00040393773       2.5347471       4.0000000
     0.061856339      -1.7542205       5.0000000       1.8763293
      6.00855           1           2
A1795                7.5384054     0.059952054       10.000000       5.5653537
       1.6002838     -0.10776188       2.9630625       8.1112358
      1.61810           2           1
A1835                15.563499     0.086589558       1.9000000       0.0000000
      0.12362190       0.0000000       5.0000000      0.36808743
      3.36501           1           2
A1835a               10.145191     0.056732721       5.4419384       0.0000000
       1.0873091  -0.00050866530       3.4633678       1.5203390
      1.78484           1           1
A1837                3.7594075     0.016807770       10.000000       1.6987074
      0.84259097     0.039751738       3.5685568       4.7907994
      9.62055           1           1
A1914                13.883359   1.7347235e-18       1.9000000       7.8377816
     0.092009365     -0.28721459       2.7443514      0.51266907
      1.05314           0           0
A1991                2.3656459     0.051727854       10.000000       1.1144602
      0.80303704     0.097744417       5.0000000       10.000000
      2.18473           0           3
A2029                7.7019147     0.033470986       1.9000000       2.6872098
      0.53444126     0.034257334       1.0096787   1.1102230e-16
      2.62706           0           0
A2052                3.5150255    0.0099953955       9.0832706       1.2538076
      0.13545701     -0.17537325       5.0000000      0.39568322
      6.15356           2           1
A2065                6.7655088    0.0054122522       1.8381745       2.7366141
      0.23279575     -0.30494135       5.0000000      0.61515831
      1.64132           2           1
A209                 8.9493141   2.1684043e-19       1.9000000       7.3959999
       1.5329379     -0.12198709       5.0000000       10.000000
      1.73741           1           2
A2163                18.802323    0.0020641557       1.6625088       10.000000
       1.8097232     -0.25515856       5.0000000       5.8895285
      2.22421           1           2
A2199                4.2470445     0.025642145       3.2150013       2.1230118
      0.15204536    0.0062428126       1.7625663       0.0000000
      6.19039           2           1
A2204                8.4735966     0.047211767       10.000000       2.8001039
      0.23942460     0.030767230       1.8682831       0.0000000
      1.12626           0           2
A2218                9.3353048     0.027342649    0.0059340566       4.0002938
       1.3511747     0.052291086       5.0000000       7.7284897
      13.2335           1           1
A2256                11.309333   0.00020439048       3.7092080       6.3006902
     0.025170845     -0.22150762     0.068686967      0.10169858
      11.4759           2           0
A2319                12.798658   0.00021203204       2.8754639       7.1689347
      0.35629592    -0.018252305      0.19966172      0.11115444
      10.1043           2           0
A2589                3.5678226     0.014267855       10.000000       2.3937450
      0.54630949     0.014863598       5.0000000       1.4386082
      2.88743           1           2
A2597                3.7980570     0.058261802       9.7935770       2.6452334
      0.44288435     0.024325378       5.0000000      0.42616801
     0.751338           1           1
A262                 2.2483729     0.011141417       10.000000      0.73172064
      0.16056874    -0.039897423       5.0000000      0.44625888
      3.67845           2           2
A2626                3.7029937     0.012680581       7.1792823       0.0000000
      0.41203591     -0.11266582       5.0000000       1.3407929
      9.40487           2           2
A2667                7.0727804     0.063683099       10.000000       3.0602599
       1.2350210      0.10554618       5.0000000       2.2202816
      3.86359           0           2
A2717                2.3206229     0.016378544       9.9999316       1.1036364
      0.78697367     0.033983159       5.0000000       2.3708167
      4.23919           2           1
A3112                4.8559207     0.052901158       10.000000       2.8050316
       1.0656867     0.014438103       5.0000000       10.000000
      6.89927           1           3
A3158                8.3983829   2.1684043e-19       1.9000000       5.6981683
      0.18216856    -0.041226401      0.25716812      0.16810432
      10.4059           0           0
A3526                4.0893889    0.0033082673       1.5017365      0.00124657
      0.12909689     -0.14873826       3.0867961       1.8191018
      24.7888           2           0
A3558                8.1994641     0.038129963       3.8160009       3.6046957
      0.26007413   0.00031078228      0.43806273      0.25961841
      9.35170           2           0
A3560                3.9654045   4.3368087e-8        4.0556746       2.9138753
     0.074322900     -0.38139654       5.0000000      0.42140154
      11.0222           2           1
A3581                2.1861585     0.034707330       1.4223965       1.0756213
      0.13890445     0.013013332       5.0000000      0.35952765
      3.09020           2           1
A3827                6.9010662    0.0017858457       5.1753622       5.0659023
      0.47793411     0.046262269       5.0000000      0.19298980
      3.92689           1           1
A383                 6.6533272     0.045335813       4.9889574       0.0000000
     0.089243911    -0.075008362       4.1043648      0.31440253
     0.470030           0           1
A3911                5.6096329   0.00097534089       3.6294786       4.6475618
      0.92092643     0.089687617       5.0000000       1.6606230
      7.31974           2           1
A3921                5.7366321    0.0024340628       5.1549422       4.2763436
       1.4306307    -0.016267689       5.0000000       10.000000
      21.3133           2           2
A399                 7.0935458   0.00051302148       3.1271330       5.9956586
      0.13773610     -0.14121473       5.0000000      0.20857772
      5.52730           0           1
A4059                4.9960543     0.039577556       1.6528110       1.7153477
      0.19976731     0.028099337      0.70917832      0.12434138
      3.56091           2           0
A426                 6.8795936     0.061530884       10.000000       5.3146142
      0.23826862     -0.23815802       2.6895575       0.0000000
      6.05120           1           2
A478                 6.8866436     0.018141251       1.9000000       0.0000000
      0.82834955    -0.036756662       5.0000000       3.5807039
      3.52231           0           2
A496                 5.5045033      0.10093974      0.47339055       3.4828217
      0.14571510     -0.21822473       5.0000000      0.38848304
      5.90646           2           1
A520                 10.172739    0.0020684653       4.7053977       7.1405265
      0.53730504     -0.22911222       5.0000000      0.98181008
      14.5402           0           1
A576                 4.9014124   0.00042805483       3.5752399       3.2939077
      0.18321443     -0.32785724       5.0000000      0.82176448
      5.82149           2           1
A665                 10.071163   0.00070557633       10.000000       7.2455252
       1.0397771     -0.16844831       5.0000000       2.8920424
      3.90719           2           2
A68                  8.5487430     0.024567126       1.9000000      9.2844e-05
       3.0748988       0.0000000       1.7741251       10.000000
     0.731809           0           1
A773                 8.2370339   1.0000000e-05       1.9000000       8.1999998
       1.4730905       0.0000000       5.0000000       10.000000
      8.25772           2           2
A85                  7.2682227     0.013713452       8.0620887      0.92198699
      0.60776645     -0.18165998       5.0000000       1.5573267
      2.58563           1           1
AS1101               2.5691765     0.048734824       10.000000       1.9651183
      0.59939201     0.041226820       5.0000000       1.7746155
      1.65863           2           2
AWM7                 4.2463258    0.0032504203       1.7508353      0.76404714
      0.18720066    -0.099839884       1.7962206      0.45501972
      4.66237           2           0
Coma                 8.8098294   0.00054801345       0.0003044       7.6357529
      0.32136066     0.011395772       2.2776844       0.0000000
      2.56818           1           1
E1455+2232           5.3258799     0.017037535       1.9000000     0.077820036
     0.095450668     -0.29575824       4.2079704      0.32061878
      1.09820           0           0
EXO0422              3.2725611    0.0088919703       7.6415326       1.4076756
      0.21102423    -0.071416258       5.0000000      0.66898057
      10.2545           1           1
HYDRA                3.8786083    0.0011337034       1.9000000       3.0877965
      0.23799986    -0.078011738       1.8032154       0.0000000
      15.1251           0           1
Klemola44            3.1781296     0.012309508       1.5559049       2.3875859
      0.32089716     0.030346756       5.0000000       1.1076605
      7.40139           2           1
M87                  3.3263243    0.0068174379      0.63153424      0.46976871
      0.14711786    -0.079040576       2.6131576     0.036094516
      118.522           2           0
MKW3S                3.6446304     0.041730039       2.5824948       2.4421754
      0.26502203     0.046132586       1.1919996       0.0000000
      14.8118           2           1
MKW4                 1.9803045    0.0068006435       9.9999831      0.80255778
      0.38913759     0.018692411       5.0000000       5.5673766
      3.51106           2           1
PKS0745-29           10.085235     0.027951411       9.9969334       3.8173668
       1.7092855     -0.11711372       5.0000000       10.000000
      1.85257           2           2
Perseus              6.7646690     0.065424276       10.000000       5.0230647
      0.21213315     -0.20038532       2.6414917       0.0000000
      110.502           1           2
RXCJ0605.8-351       5.7491195     0.036900250       1.9000000       5.551e-17
      0.13065208      0.15915309       2.1427247       0.0000000
      7.16363           0           1
RXCJ2234.5-374       10.361992    0.0017022644       2.9672844       7.0761443
      0.48209287     0.080864078       5.0000000       1.3764706
      1.82240           0           1
RXJ0658-55           14.776449   0.00029066965       1.9000000       10.000000
       4.0639273       0.0000000       2.0000000       10.000000
      5.13331           0           2
RXJ1347-1145         40.975371      0.13335234       1.9000000       0.0000000
      0.13833084       0.0000000       2.0000000      0.82666479
      1.38014           0           1
Sersic159-3          2.6259101     0.047467311       10.000000       2.0133147
      0.55453160     0.028434990       5.0000000       2.4664067
      4.34940           1           2
Triangulum           10.977608   0.00039709331       3.1068803       7.2417712
      0.35314151     0.080137249     0.086370491     0.026248691
      7.98338           1           0
ZW3146               9.6858549     0.062653509       1.9000000       0.0000000
      0.13237884       0.0000000       5.0000000      0.15754110
      2.05172           0           2
