R2500 measurements without A2163
2A0335+096          1.01518      3.16372   0.00820160      13.3787   0.00834036
      12.8785   0.00721407      13.8505    0.0113835
A1068               1.07369      4.76031    0.0719485      13.8600    0.0193510
      13.1823    0.0127797      14.2223    0.0190721
A133                1.02703      4.14475    0.0307198      13.5323    0.0150580
      12.9148    0.0118399      14.0493    0.0149269
A1413               1.06702      7.24035    0.0796182      14.2405    0.0122418
      13.3807   0.00746346      14.3893    0.0101037
A1589               1.03430      4.25742     0.112668      13.5672    0.0373335
      12.9380    0.0258851      14.2173    0.0273352
A1650               1.03883      5.67234    0.0404263      14.0444    0.0129800
      13.2906   0.00988483      14.3674    0.0137000
A1689               1.09272      10.2884     0.172962      14.6591    0.0117664
      13.6468   0.00444174      14.6378   0.00676155
A1775               1.03591      3.68716    0.0298195      13.3937    0.0129271
      12.8270   0.00941515      13.8825    0.0100555
A1795               1.02894      5.88788    0.0243549      14.1424    0.0136089
      13.3724    0.0118117      14.3868    0.0170512
A1835+A1835a      1.13226      9.67168     0.714770      14.6543    0.0410323
      13.6688   0.00748158      14.6186    0.0118423
A1837               1.03136      3.64163    0.0304497      13.3202    0.0157628
      12.7589    0.0121312      13.9948    0.0145288
A1914               1.08849      10.4600     0.177940      14.6832    0.0143976
      13.6636   0.00703144      14.6757    0.0108132
A1991               1.03032      2.64348    0.0287638      13.0813    0.0160842
      12.6591    0.0113597      13.7443    0.0148239
A2029               1.03460      7.78359    0.0620420      14.3627   0.00811243
      13.4715   0.00465107      14.4113   0.00651741
A2052               1.01537      3.06427    0.0159943      13.2934    0.0100598
      12.8071   0.00779247      13.9049    0.0105305
A2065               1.03460      5.64428    0.0511682      13.8729    0.0211153
      13.1213    0.0171785      14.1384    0.0198107
A209                1.11067      7.17378     0.151321      14.1678    0.0277491
      13.3120    0.0185728      14.2510    0.0208712
A2199               1.01273      4.23085    0.0206854      13.6223    0.0110226
      12.9959   0.00889874      14.0843    0.0132966
A2204               1.07596      8.46724     0.123827      14.4938    0.0120893
      13.5660   0.00573158      14.5003   0.00836611
A2218               1.07657      6.99580     0.116946      14.1570    0.0169311
      13.3122   0.00966883      14.3846    0.0119953
A2256               1.02483      6.23331    0.0549810      14.1668    0.0163126
      13.3721    0.0124807      14.4280    0.0166216
A2319               1.02429      8.69539    0.0590496      14.4064   0.00829315
      13.4671   0.00534487      14.3363   0.00584126
A2589               1.01937      3.52821    0.0236320      13.2642    0.0115514
      12.7167   0.00864363      13.7991   0.00998545
A2597               1.03843      3.79684    0.0274711      13.5878    0.0121346
      13.0084   0.00899172      14.0379    0.0151243
A2626               1.02575      3.17489    0.0222669      13.3278    0.0121951
      12.8261   0.00914907      14.0510    0.0126734
A2667               1.11599      8.20167     0.219513      14.4127    0.0274110
      13.4988    0.0157514      14.4793    0.0229988
A2717               1.02386      2.39499    0.0185597      12.8528    0.0191450
      12.4735    0.0157819      13.6577    0.0192819
A3112               1.03435      4.83226    0.0334163      13.8103   0.00945616
      13.1261   0.00645304      14.1616   0.00906467
A3158               1.02870      5.26703    0.0289624      13.7967   0.00850105
      13.0752   0.00611258      14.0373   0.00660133
A3558               1.02139      5.32999    0.0202496      13.8034   0.00918961
      13.0767   0.00753927      14.0097   0.00783968
A3560               1.01995      3.77572    0.0363047      13.0514    0.0171447
      12.4744    0.0129685      13.6700    0.0127873
A3581               1.01030      1.80006   0.00771904      12.5471    0.0123062
      12.2918    0.0104442      13.4348    0.0136514
A3827               1.04635      6.87898    0.0709794      14.1385   0.00979233
      13.3010   0.00530863      14.3096   0.00654602
A383                1.09647      5.33638     0.202481      13.8634    0.0276384
      13.1362    0.0110011      14.1615    0.0162015
A3911               1.04630      5.94531    0.0739605      13.8735    0.0191774
      13.0993    0.0137768      14.1871    0.0144167
A3921               1.04429      5.43765    0.0439134      13.8234    0.0101032
      13.0880   0.00659657      14.1140   0.00717545
A399                1.03042      6.64123    0.0698373      13.9265    0.0141191
      13.1043   0.00955153      14.1514    0.0101609
A4059               1.02177      4.15116    0.0231152      13.5296   0.00876331
      12.9114   0.00634575      14.0082   0.00846910
A478                1.03863      6.39327    0.0250018      14.3083   0.00464487
      13.5026   0.00294638      14.3776   0.00440073
A496                1.01348      4.18014    0.0208907      13.5412    0.0123625
      12.9201    0.0101910      13.9691    0.0141177
A520                1.10065      8.29757     0.188327      14.4367    0.0450373
      13.5177    0.0351710      14.5982    0.0439620
A576                1.01951      3.77624    0.0477623      13.4135    0.0234065
      12.8365    0.0179133      13.9760    0.0200262
A665                1.09152      8.01830    0.0692928      14.3746    0.0159297
      13.4705    0.0121765      14.4156    0.0144467
A68                 1.13282      7.29777     0.214590      14.3121    0.0409160
      13.4489    0.0281582      14.4866    0.0412292
A773                1.11335      8.01377     0.228417      14.3149    0.0299830
      13.4110    0.0176153      14.4361    0.0213327
A85                 1.02434      5.98081    0.0416875      14.0566    0.0194831
      13.2799    0.0164576      14.2462    0.0219688
E1455+2232          1.13916      5.15438     0.158046      13.9527    0.0231333
      13.2405   0.00979900      14.1772    0.0137553
EXO0422             1.01551      2.83460    0.0187212      13.0884    0.0102520
      12.6359   0.00738478      13.7864    0.0104389
HYDRA               1.02444      3.85206    0.0207683      13.6344    0.0100689
      13.0487   0.00772715      14.0192    0.0111465
Klemola44           1.01316      2.91625    0.0155350      13.2093    0.0157475
      12.7445    0.0134339      13.8288    0.0174103
MKW3S               1.01937      3.64270    0.0187018      13.4103   0.00622463
      12.8489   0.00399446      13.9474   0.00545502
MKW4                1.00979      1.60523    0.0793139      12.5049    0.0745702
      12.2994    0.0531960      13.6391    0.0661135
PKS0745-29          1.04775      7.91641    0.0783122      14.4685    0.0120645
      13.5700   0.00776720      14.5321    0.0120654
RXCJ0605.8-3518      1.06800      5.01390    0.0662889      13.8738    0.0139360
      13.1736   0.00818872      14.1482   0.00976467
RXCJ2234.5-3744      1.07735      8.92845     0.179403      14.5529    0.0232196
      13.6021    0.0144863      14.6995    0.0245633
RXJ0658-55          1.17032      14.1787     0.354090      15.1308    0.0445819
      13.9791    0.0337458      14.9337    0.0500956
RXJ1347-1145        1.26895      14.5478     0.819681      15.0411    0.0383997
      13.8783    0.0140224      14.8353    0.0248971
Sersic159-3+AS1101      1.02646      2.64728   0.00802219      13.2167
   0.00633430      12.7939   0.00501823      13.8391   0.00783014
Triangulum          1.02231      8.97007    0.0806794      14.4927    0.0136170
      13.5399   0.00971031      14.5218    0.0117993
ZW3146              1.15397      8.05331     0.180404      14.4821    0.0165582
      13.5761   0.00678635      14.5183    0.0107560
