R500 measurements
A1413               1.06702      6.51669     0.115497      14.7692    0.0243111
      13.9552    0.0166430      14.9180    0.0246425
A1589               1.03430      3.49481     0.110929      13.9308    0.0378942
      13.3874    0.0240364      14.3317    0.0430441
A1650               1.03883      4.96560    0.0552855      14.3974    0.0103288
      13.7014   0.00549412      14.5961    0.0216112
A1775               1.03591      3.56379    0.0291021      13.9548    0.0122161
      13.4029   0.00866795      14.2364    0.0111694
A1835+A1835a      1.13226      9.22278     0.568532      15.0866    0.0430875
      14.1217    0.0153375      15.0209    0.0305519
A1837               1.03136      2.98710    0.0554484      13.7484    0.0239029
      13.2731    0.0158401      14.2616    0.0282340
A209                1.11067      6.35612     0.257801      14.8786    0.0520163
      14.0754    0.0346513      14.9629    0.0587764
A2163               1.10505      11.8554     0.333831      15.6476    0.0399666
      14.5737    0.0278096      15.4487    0.0896254
A2204               1.07596      8.40600     0.108441      14.9566    0.0145798
      14.0320   0.00897455      14.8625    0.0146651
A2218               1.07657      6.01586     0.106593      14.6549    0.0154634
      13.8756   0.00776625      14.8613    0.0147743
A2597               1.03843      3.64612    0.0269051      13.9833    0.0151391
      13.4214    0.0119314      14.2960    0.0196104
A2626               1.02575      2.90217    0.0323639      13.6616    0.0133414
      13.1989   0.00849485      14.1750    0.0122938
A2667               1.11599      7.62473     0.179163      14.8469    0.0383053
      13.9647    0.0280709      14.8528    0.0534968
A2717               1.02386      2.19955    0.0438282      13.4319    0.0339303
      13.0895    0.0252910      14.2379    0.0592256
A3560               1.01995      3.69517    0.0455375      13.7457    0.0136557
      13.1781   0.00830269      14.0206    0.0114002
A3827               1.04635      6.68748    0.0684383      14.6534    0.0105333
      13.8281   0.00609016      14.6429   0.00854731
A383                1.09647      5.04876     0.149038      14.2550    0.0230484
      13.5518    0.0101328      14.4033    0.0157104
A3911               1.04630      5.22508    0.0901325      14.4768    0.0314512
      13.7587    0.0239439      14.6493    0.0392776
A3921               1.04429      4.53783    0.0730257      14.4759    0.0125833
      13.8191   0.00558710      14.7581   0.00796127
A520                1.10065      7.64164     0.157123      14.8764    0.0210757
      13.9933    0.0121427      14.8244    0.0210538
A665                1.09152      7.19461    0.0773835      14.9592    0.0116529
      14.1022   0.00698042      14.9413    0.0162644
A68                 1.13282      6.63802     0.214248      14.6979    0.0416865
      13.8759    0.0276561      14.7147    0.0913515
A773                1.11335      6.93563     0.216143      14.8301    0.0283055
      13.9890    0.0147800      14.9238    0.0258894
E1455+2232          1.13916      5.13789     0.123290      14.3829    0.0210967
      13.6721    0.0106645      14.5211    0.0170689
RXCJ2234.5-3744      1.07735      7.91481     0.145063      14.7806    0.0166116
      13.8821   0.00864172      14.6639    0.0211253
RXJ1347-1145        1.26895      13.6644     0.673792      15.3260    0.0382972
      14.1904    0.0168481      14.9708    0.0385561
Sersic159-3+AS1101      1.02646      2.43951    0.0101907      13.5834
   0.00675011      13.1961   0.00493574      14.0571   0.00905752
ZW3146              1.15397      7.96917     0.153691      14.8757    0.0188041
      13.9743    0.0103931      14.8751    0.0212798
